[-21]
[-12]
[-121]
[-112]
[-411]
[611]
[-221]
[-212]
[-511]
[711]
[-321]
[-312]
[-11]
[-111]
[-211]
[-311]
[-22]
[-11]
[-13]
[-122]
[-111]
[-113]
[-412]
[612]
[-222]
[-211]
[-213]
[-512]
[712]
[-322]
[-311]
[-313]
[-12]
[-112]
[-212]
[-312]
[-23]
[-12]
[-14]
[-123]
[-112]
[-114]
[-413]
[613]
[-223]
[-212]
[-214]
[-513]
[713]
[-323]
[-312]
[-314]
[-13]
[-113]
[-213]
[-313]
[-24]
[-13]
[-15]
[-124]
[-113]
[-115]
[-414]
[614]
[-224]
[-213]
[-215]
[-514]
[714]
[-324]
[-313]
[-315]
[-14]
[-114]
[-214]
[-314]
[-25]
[-14]
[-16]
[-125]
[-114]
[-116]
[-415]
[615]
[-225]
[-214]
[-216]
[-515]
[715]
[-325]
[-314]
[-316]
[-15]
[-115]
[-215]
[-315]
[-26]
[-15]
[-17]
[-126]
[-115]
[-117]
[-416]
[616]
[-226]
[-215]
[-217]
[-516]
[716]
[-326]
[-315]
[-317]
[-16]
[-116]
[-216]
[-316]
[-27]
[-16]
[-18]
[-127]
[-116]
[-118]
[-417]
[617]
[-227]
[-216]
[-218]
[-517]
[717]
[-327]
[-316]
[-318]
[-17]
[-117]
[-217]
[-317]
[28, 17, 19]
[-128]
[-117]
[-119]
[-418]
[618]
[228, 217, 219]
[-518]
[718]
[-328]
[-317]
[-319]
[-18]
[-118]
[-218]
[-318]
[-15]
[-35]
[-24]
[-26]
[115, 135, 124, 126]
[625]
[-215]
[-235]
[-224]
[-226]
[-525]
[725]
[-315]
[-335]
[-324]
[-326]
[-25]
[-125]
[-225]
[-325]
[-15]
[-35]
[-24]
[-26]
[115, 135, 124, 126]
[625]
[-215]
[-235]
[-224]
[-226]
[-525]
[725]
[-315]
[-335]
[-324]
[-326]
[-25]
[-125]
[-225]
[-325]
[-15]
[-35]
[-24]
[-26]
[-115]
[-135]
[-124]
[-126]
[-425]
[625]
[-215]
[-235]
[-224]
[-226]
[-525]
[725]
[-315]
[-335]
[-324]
[-326]
[-25]
[-125]
[-225]
[-325]
[-25]
[-45]
[-34]
[-36]
[-125]
[-145]
[-134]
[-136]
[-435]
[635]
[-225]
[-245]
[-234]
[-236]
[-535]
[735]
[-325]
[-345]
[-334]
[-336]
[-35]
[-135]
[-235]
[-335]
[-35]
[-55]
[-44]
[-46]
[-135]
[-155]
[-144]
[-146]
[-445]
[645]
[-235]
[-255]
[-244]
[-246]
[-545]
[745]
[-335]
[-355]
[-344]
[-346]
[-45]
[-145]
[-245]
[-345]
[-45]
[-65]
[-54]
[-56]
[-145]
[-165]
[-154]
[-156]
[-455]
[655]
[-245]
[-265]
[-254]
[-256]
[-555]
[755]
[-345]
[-365]
[-354]
[-356]
[-55]
[-155]
[-255]
[-355]
[-55]
[-75]
[-64]
[-66]
[-155]
[-175]
[-164]
[-166]
[-465]
[665]
[-255]
[-275]
[-264]
[-266]
[-565]
[765]
[-355]
[-375]
[-364]
[-366]
[-65]
[-165]
[-265]
[-365]
[-65]
[-85]
[-74]
[-76]
[-165]
[-185]
[-174]
[-176]
[-475]
[675]
[-265]
[-285]
[-274]
[-276]
[-575]
[775]
[-365]
[-385]
[-374]
[-376]
[-75]
[-175]
[-275]
[-375]
[75, 95, 84, 86]
[-175]
[-195]
[-184]
[-186]
[-485]
[685]
[-275]
[-295]
[-284]
[-286]
[-585]
[785]
[-375]
[-395]
[-384]
[-386]
[-85]
[-185]
[-285]
[-385]
[75, 95, 84, 86]
[-175]
[-195]
[-184]
[-186]
[-485]
[685]
[-275]
[-295]
[-284]
[-286]
[-585]
[785]
[-375]
[-395]
[-384]
[-386]
[-85]
[-185]
[-285]
[-385]
----------------------
